10	4
10	3
10	2
10	4
10	2
10	3
10	2
10	3
10	3
10	2
10	3
10	3
10	3
10	3
10	3
10	3
10	4
10	4
10	3
10	2
11	3
11	2
11	3
11	2
11	3
11	4
11	3
11	3
11	2
11	5
11	3
11	3
11	5
11	3
11	3
11	2
11	4
11	3
11	3
11	2
12	4
12	3
12	2
12	2
12	2
12	2
12	2
12	3
12	2
12	2
12	4
12	3
12	2
12	4
12	3
12	2
12	2
12	2
12	2
12	3
13	3
13	2
13	4
13	3
13	3
13	4
13	2
13	2
13	4
13	3
13	3
13	3
13	4
13	3
13	4
13	5
13	4
13	3
13	3
13	4
14	2
14	4
14	4
14	3
14	4
14	3
14	3
14	3
14	2
14	3
14	2
14	4
14	3
14	4
14	3
14	4
14	3
14	4
14	3
14	4
15	4
15	2
15	3
15	2
15	3
15	4
15	3
15	4
15	4
15	4
15	5
15	4
15	4
15	2
15	3
15	3
15	5
15	2
15	2
15	4
16	5
16	3
16	3
16	3
16	2
16	4
16	5
16	3
16	2
16	3
16	3
16	2
16	4
16	3
16	4
16	4
16	4
16	4
16	3
16	4
17	4
17	2
17	3
17	3
17	2
17	6
17	2
17	4
17	4
17	2
17	3
17	4
17	4
17	4
17	4
17	4
17	4
17	4
17	3
17	4
18	2
18	3
18	4
18	4
18	2
18	3
18	4
18	5
18	4
18	4
18	4
18	6
18	3
18	3
18	2
18	3
18	3
18	4
18	4
18	2
19	3
19	4
19	2
19	4
19	3
19	2
19	4
19	4
19	5
19	4
19	4
19	4
19	3
19	4
19	5
19	4
19	2
19	2
19	4
19	5
20	4
20	3
20	4
20	4
20	3
20	4
20	2
20	6
20	5
20	2
20	3
20	4
20	4
20	2
20	3
20	2
20	4
20	3
20	6
20	5
21	6
21	4
21	4
21	5
21	3
21	4
21	5
21	4
21	5
21	3
21	5
21	4
21	6
21	4
21	3
21	6
21	4
21	4
21	5
21	5
22	2
22	6
22	2
22	5
22	3
22	6
22	3
22	5
22	4
22	4
22	5
22	3
22	5
22	4
22	3
22	4
22	5
22	3
22	2
22	3
23	4
23	6
23	2
23	2
23	3
23	2
23	5
23	5
23	6
23	5
23	6
23	2
23	6
23	5
23	5
23	4
23	4
23	4
23	4
23	4
24	5
24	4
24	2
24	4
24	5
24	4
24	4
24	5
24	4
24	3
24	5
24	2
24	4
24	3
24	2
24	3
24	4
24	5
24	4
24	2
25	5
25	2
25	2
25	4
25	2
25	4
25	5
25	4
25	5
25	5
25	3
25	4
25	4
25	4
25	3
25	4
25	5
25	4
25	5
25	4
26	4
26	5
26	4
26	6
26	5
26	5
26	4
26	2
26	2
26	2
26	4
26	5
26	2
26	4
26	4
26	4
26	2
26	3
26	2
26	2
27	4
27	4
27	5
27	4
27	2
27	2
27	2
27	5
27	5
27	4
27	6
27	4
27	2
27	4
27	4
27	6
27	6
27	5
27	5
27	4
28	5
28	2
28	6
28	5
28	4
28	5
28	7
28	2
28	4
28	5
28	2
28	3
28	3
28	3
28	5
28	2
28	3
28	5
28	2
28	2
29	4
29	5
29	2
29	4
29	2
29	5
29	4
29	4
29	3
29	2
29	2
29	4
29	2
29	9
29	5
29	5
29	4
29	5
29	4
29	2
30	5
30	2
30	4
30	5
30	5
30	4
30	4
30	4
30	5
30	4
30	3
30	2
30	3
30	5
30	5
30	5
30	2
30	5
30	4
30	4
31	3
31	4
31	5
31	6
31	2
31	5
31	6
31	4
31	6
31	4
31	4
31	5
31	4
31	5
31	6
31	4
31	4
31	5
31	5
31	5
32	4
32	5
32	2
32	5
32	6
32	6
32	4
32	6
32	4
32	6
32	6
32	2
32	5
32	4
32	5
32	2
32	5
32	2
32	4
32	3
33	4
33	4
33	4
33	5
33	2
33	3
33	4
33	2
33	3
33	5
33	4
33	5
33	4
33	3
33	3
33	4
33	4
33	6
33	2
33	6
34	5
34	2
34	6
34	5
34	3
34	6
34	5
34	5
34	2
34	6
34	2
34	5
34	5
34	5
34	4
34	4
34	5
34	3
34	4
34	5
35	5
35	6
35	5
35	4
35	2
35	4
35	4
35	6
35	5
35	2
35	6
35	2
35	5
35	6
35	4
35	5
35	4
35	5
35	5
35	5
36	4
36	3
36	3
36	5
36	5
36	2
36	4
36	5
36	5
36	5
36	6
36	5
36	5
36	5
36	2
36	4
36	3
36	3
36	6
36	2
37	6
37	2
37	5
37	4
37	3
37	3
37	5
37	2
37	4
37	2
37	7
37	6
37	3
37	6
37	4
37	4
37	4
37	4
37	5
37	4
38	5
38	2
38	7
38	6
38	6
38	6
38	5
38	6
38	5
38	4
38	3
38	4
38	3
38	5
38	4
38	5
38	4
38	2
38	6
38	6
39	5
39	5
39	6
39	5
39	7
39	5
39	5
39	5
39	7
39	5
39	2
39	6
39	5
39	5
39	4
39	5
39	3
39	6
39	4
39	2
40	6
40	6
40	5
40	5
40	3
40	2
40	5
40	5
40	6
40	6
40	5
40	3
40	6
40	2
40	5
40	2
40	2
40	2
40	2
40	3
41	5
41	3
41	5
41	5
41	5
41	5
41	5
41	5
41	2
41	4
41	5
41	5
41	6
41	6
41	2
41	5
41	4
41	2
41	5
41	4
42	2
42	6
42	4
42	2
42	3
42	6
42	5
42	4
42	5
42	2
42	3
42	4
42	7
42	2
42	2
42	5
42	3
42	5
42	2
42	3
43	5
43	4
43	2
43	4
43	6
43	4
43	4
43	5
43	5
43	2
43	4
43	5
43	4
43	3
43	2
43	6
43	2
43	6
43	5
43	6
44	5
44	2
44	5
44	7
44	6
44	4
44	5
44	6
44	5
44	4
44	5
44	4
44	5
44	6
44	6
44	6
44	4
44	6
44	2
44	6
45	4
45	5
45	6
45	6
45	3
45	5
45	4
45	3
45	4
45	6
45	3
45	6
45	6
45	4
45	5
45	2
45	2
45	4
45	3
45	5
46	6
46	7
46	5
46	4
46	5
46	3
46	5
46	6
46	5
46	6
46	6
46	6
46	5
46	2
46	3
46	4
46	7
46	6
46	6
46	3
47	5
47	6
47	6
47	3
47	7
47	5
47	3
47	8
47	6
47	5
47	4
47	7
47	7
47	3
47	4
47	6
47	2
47	2
47	5
47	2
48	5
48	7
48	6
48	2
48	5
48	3
48	7
48	6
48	2
48	5
48	5
48	5
48	2
48	6
48	6
48	4
48	6
48	6
48	5
48	2
49	3
49	7
49	6
49	7
49	5
49	6
49	5
49	5
49	6
49	3
49	6
49	3
49	5
49	4
49	6
49	4
49	6
49	5
49	5
49	2
50	6
50	5
50	5
50	5
50	3
50	2
50	5
50	3
50	5
50	6
50	6
50	8
50	5
50	5
50	2
50	5
50	2
50	5
50	5
50	5
51	5
51	7
51	5
51	5
51	3
51	2
51	6
51	2
51	6
51	6
51	6
51	5
51	5
51	5
51	4
51	6
51	2
51	6
51	6
51	5
52	2
52	5
52	4
52	6
52	2
52	5
52	5
52	6
52	5
52	2
52	5
52	5
52	2
52	5
52	7
52	3
52	6
52	7
52	6
52	2
53	8
53	4
53	2
53	2
53	7
53	7
53	5
53	6
53	2
53	5
53	2
53	6
53	5
53	5
53	5
53	6
53	6
53	7
53	5
53	2
54	5
54	5
54	5
54	6
54	6
54	3
54	5
54	2
54	5
54	4
54	6
54	5
54	5
54	6
54	2
54	8
54	6
54	3
54	5
54	5
55	5
55	2
55	6
55	5
55	7
55	6
55	6
55	5
55	5
55	3
55	3
55	4
55	6
55	3
55	5
55	6
55	6
55	6
55	3
55	2
56	6
56	5
56	6
56	3
56	6
56	5
56	6
56	6
56	6
56	6
56	6
56	4
56	6
56	2
56	3
56	6
56	5
56	6
56	8
56	6
57	3
57	6
57	7
57	5
57	5
57	6
57	6
57	7
57	6
57	3
57	5
57	3
57	6
57	6
57	6
57	5
57	5
57	5
57	6
57	5
58	5
58	6
58	6
58	2
58	2
58	6
58	4
58	6
58	5
58	7
58	2
58	5
58	5
58	8
58	6
58	5
58	6
58	7
58	4
58	5
59	6
59	2
59	6
59	6
59	2
59	2
59	5
59	2
59	4
59	5
59	3
59	2
59	5
59	2
59	3
59	3
59	4
59	5
59	5
59	7
60	6
60	3
60	6
60	6
60	6
60	2
60	5
60	5
60	5
60	5
60	4
60	3
60	3
60	6
60	3
60	8
60	6
60	5
60	6
60	5
61	5
61	5
61	2
61	6
61	3
61	2
61	5
61	3
61	6
61	6
61	2
61	6
61	7
61	2
61	7
61	6
61	2
61	6
61	6
61	8
62	8
62	3
62	2
62	5
62	2
62	3
62	7
62	5
62	3
62	2
62	5
62	7
62	6
62	6
62	7
62	3
62	5
62	6
62	7
62	7
63	6
63	6
63	7
63	6
63	5
63	5
63	6
63	5
63	6
63	2
63	10
63	5
63	2
63	6
63	6
63	6
63	9
63	5
63	2
63	7
64	2
64	2
64	6
64	5
64	3
64	6
64	7
64	6
64	6
64	6
64	5
64	5
64	2
64	6
64	6
64	5
64	6
64	6
64	2
64	5
65	2
65	6
65	5
65	7
65	2
65	5
65	5
65	6
65	5
65	6
65	6
65	8
65	4
65	5
65	5
65	6
65	5
65	6
65	2
65	3
66	5
66	2
66	3
66	8
66	3
66	5
66	6
66	6
66	2
66	6
66	2
66	7
66	6
66	5
66	6
66	5
66	6
66	6
66	2
66	6
67	2
67	6
67	6
67	3
67	6
67	3
67	6
67	5
67	6
67	2
67	6
67	6
67	4
67	6
67	7
67	8
67	7
67	7
67	6
67	5
68	5
68	2
68	6
68	7
68	3
68	6
68	2
68	5
68	6
68	6
68	6
68	2
68	4
68	4
68	7
68	5
68	5
68	7
68	7
68	7
69	6
69	2
69	6
69	6
69	6
69	7
69	8
69	3
69	2
69	7
69	5
69	7
69	3
69	2
69	6
69	4
69	2
69	6
69	5
69	5
70	6
70	5
70	6
70	6
70	7
70	2
70	6
70	5
70	2
70	5
70	2
70	6
70	7
70	6
70	6
70	5
70	6
70	6
70	2
70	4
71	6
71	3
71	3
71	7
71	6
71	5
71	6
71	7
71	3
71	6
71	3
71	6
71	8
71	6
71	2
71	8
71	7
71	7
71	2
71	6
72	3
72	6
72	7
72	7
72	7
72	5
72	6
72	6
72	4
72	6
72	6
72	6
72	5
72	6
72	3
72	6
72	3
72	2
72	2
72	6
73	6
73	6
73	7
73	5
73	3
73	3
73	6
73	6
73	2
73	6
73	6
73	7
73	7
73	3
73	2
73	7
73	6
73	6
73	7
73	2
74	6
74	6
74	2
74	8
74	6
74	6
74	6
74	5
74	2
74	7
74	6
74	6
74	8
74	7
74	4
74	5
74	7
74	7
74	3
74	7
75	7
75	3
75	6
75	7
75	6
75	2
75	7
75	6
75	6
75	7
75	7
75	4
75	2
75	6
75	5
75	6
75	9
75	6
75	2
75	5
76	2
76	8
76	7
76	6
76	7
76	6
76	6
76	6
76	6
76	6
76	5
76	6
76	7
76	7
76	2
76	2
76	2
76	3
76	6
76	3
77	6
77	5
77	3
77	7
77	6
77	6
77	2
77	2
77	2
77	7
77	2
77	6
77	2
77	6
77	6
77	7
77	5
77	6
77	5
77	6
78	7
78	7
78	5
78	3
78	7
78	9
78	3
78	5
78	4
78	2
78	6
78	6
78	3
78	5
78	7
78	2
78	6
78	3
78	6
78	7
79	6
79	4
79	7
79	5
79	5
79	7
79	5
79	6
79	7
79	6
79	4
79	6
79	7
79	6
79	7
79	6
79	6
79	6
79	6
79	5
80	6
80	3
80	6
80	3
80	6
80	6
80	5
80	5
80	8
80	3
80	6
80	6
80	7
80	6
80	6
80	6
80	6
80	6
80	6
80	2
81	7
81	5
81	5
81	4
81	2
81	5
81	8
81	6
81	7
81	6
81	3
81	2
81	6
81	6
81	2
81	7
81	5
81	6
81	2
81	10
82	3
82	4
82	2
82	5
82	2
82	10
82	6
82	10
82	3
82	7
82	7
82	6
82	2
82	6
82	5
82	6
82	2
82	6
82	6
82	6
83	7
83	2
83	6
83	6
83	7
83	7
83	7
83	6
83	7
83	6
83	3
83	7
83	5
83	2
83	7
83	7
83	6
83	10
83	3
83	7
84	4
84	6
84	6
84	2
84	6
84	6
84	7
84	2
84	4
84	4
84	6
84	6
84	7
84	6
84	2
84	7
84	7
84	8
84	7
84	6
85	7
85	2
85	6
85	5
85	7
85	5
85	6
85	2
85	6
85	2
85	6
85	4
85	7
85	7
85	6
85	6
85	7
85	6
85	7
85	8
86	7
86	2
86	6
86	7
86	7
86	3
86	4
86	7
86	2
86	6
86	2
86	6
86	7
86	6
86	3
86	2
86	6
86	5
86	7
86	6
87	6
87	6
87	9
87	5
87	7
87	6
87	2
87	7
87	6
87	5
87	2
87	2
87	6
87	5
87	2
87	3
87	5
87	6
87	8
87	7
88	3
88	3
88	7
88	7
88	6
88	3
88	7
88	6
88	7
88	6
88	7
88	5
88	7
88	2
88	6
88	5
88	6
88	2
88	7
88	7
89	6
89	6
89	7
89	5
89	5
89	2
89	7
89	9
89	6
89	2
89	5
89	5
89	7
89	6
89	6
89	3
89	2
89	2
89	9
89	2
90	7
90	6
90	9
90	5
90	9
90	3
90	2
90	7
90	3
90	5
90	3
90	6
90	7
90	6
90	2
90	7
90	8
90	5
90	2
90	7
91	2
91	7
91	5
91	6
91	7
91	2
91	5
91	7
91	7
91	2
91	6
91	7
91	7
91	7
91	6
91	4
91	4
91	4
91	9
91	6
92	5
92	6
92	7
92	2
92	6
92	6
92	6
92	6
92	7
92	6
92	5
92	5
92	6
92	2
92	5
92	7
92	7
92	7
92	6
92	5
93	3
93	6
93	6
93	6
93	7
93	2
93	7
93	10
93	5
93	5
93	7
93	10
93	7
93	7
93	6
93	2
93	3
93	6
93	6
93	3
94	4
94	6
94	7
94	6
94	7
94	6
94	3
94	2
94	7
94	6
94	2
94	6
94	7
94	6
94	6
94	5
94	5
94	2
94	6
94	6
95	6
95	6
95	7
95	3
95	5
95	7
95	5
95	6
95	6
95	7
95	7
95	2
95	7
95	6
95	7
95	6
95	6
95	7
95	3
95	3
96	6
96	7
96	6
96	5
96	9
96	7
96	7
96	4
96	9
96	6
96	7
96	6
96	7
96	5
96	7
96	6
96	6
96	7
96	3
96	7
97	2
97	6
97	5
97	5
97	6
97	6
97	2
97	2
97	6
97	3
97	5
97	2
97	6
97	7
97	7
97	2
97	7
97	6
97	2
97	5
98	7
98	3
98	6
98	7
98	5
98	7
98	7
98	6
98	2
98	7
98	6
98	7
98	7
98	7
98	9
98	3
98	7
98	9
98	6
98	6
99	3
99	2
99	7
99	2
99	10
99	7
99	3
99	2
99	7
99	2
99	7
99	6
99	3
99	3
99	7
99	5
99	7
99	7
99	3
99	3
100	6
100	7
100	7
100	6
100	7
100	7
100	10
100	2
100	6
100	6
100	7
100	6
100	7
100	10
100	2
100	3
100	6
100	8
100	2
100	6
101	7
101	6
101	3
101	7
101	2
101	8
101	6
101	7
101	5
101	6
101	7
101	6
101	8
101	7
101	6
101	6
101	5
101	6
101	6
101	2
102	3
102	7
102	7
102	6
102	6
102	6
102	6
102	6
102	10
102	6
102	6
102	3
102	7
102	6
102	2
102	7
102	6
102	7
102	7
102	7
103	9
103	6
103	7
103	8
103	7
103	5
103	3
103	2
103	7
103	6
103	6
103	6
103	6
103	7
103	6
103	2
103	5
103	8
103	2
103	7
104	7
104	10
104	3
104	6
104	6
104	7
104	7
104	6
104	5
104	6
104	6
104	8
104	7
104	4
104	3
104	5
104	3
104	6
104	6
104	7
105	7
105	7
105	6
105	4
105	7
105	6
105	6
105	7
105	7
105	3
105	7
105	6
105	6
105	7
105	7
105	2
105	6
105	7
105	6
105	6
106	6
106	6
106	2
106	6
106	6
106	2
106	3
106	7
106	7
106	2
106	7
106	6
106	6
106	6
106	6
106	6
106	6
106	2
106	5
106	6
107	6
107	2
107	6
107	7
107	10
107	10
107	6
107	2
107	6
107	6
107	7
107	7
107	2
107	6
107	6
107	3
107	2
107	6
107	5
107	5
108	6
108	6
108	4
108	6
108	7
108	6
108	8
108	7
108	2
108	7
108	2
108	2
108	7
108	6
108	2
108	5
108	2
108	6
108	6
108	6
109	6
109	2
109	7
109	8
109	6
109	6
109	7
109	6
109	8
109	6
109	2
109	3
109	7
109	10
109	7
109	3
109	7
109	5
109	6
109	9
110	8
110	7
110	6
110	2
110	5
110	7
110	6
110	2
110	7
110	3
110	4
110	2
110	7
110	7
110	5
110	2
110	7
110	7
110	6
110	2
111	7
111	6
111	5
111	7
111	7
111	7
111	3
111	3
111	5
111	2
111	7
111	7
111	5
111	10
111	7
111	6
111	10
111	7
111	8
111	10
112	7
112	7
112	8
112	7
112	9
112	6
112	2
112	7
112	2
112	2
112	2
112	2
112	6
112	6
112	7
112	7
112	7
112	7
112	5
112	2
113	7
113	6
113	7
113	6
113	6
113	7
113	6
113	5
113	7
113	2
113	7
113	7
113	3
113	10
113	11
113	2
113	7
113	5
113	7
113	6
114	7
114	6
114	2
114	7
114	7
114	3
114	10
114	7
114	7
114	7
114	6
114	2
114	7
114	7
114	4
114	6
114	9
114	2
114	3
114	6
115	4
115	3
115	9
115	2
115	7
115	6
115	6
115	9
115	4
115	2
115	6
115	9
115	7
115	7
115	3
115	7
115	2
115	8
115	7
115	10
116	2
116	2
116	9
116	6
116	7
116	6
116	7
116	2
116	7
116	7
116	7
116	8
116	5
116	9
116	7
116	7
116	7
116	10
116	7
116	7
117	9
117	2
117	3
117	10
117	7
117	6
117	3
117	2
117	10
117	6
117	6
117	2
117	8
117	7
117	7
117	7
117	5
117	2
117	7
117	7
118	7
118	9
118	9
118	4
118	9
118	7
118	2
118	4
118	7
118	6
118	7
118	7
118	7
118	7
118	9
118	7
118	2
118	7
118	6
118	6
119	7
119	6
119	2
119	7
119	5
119	7
119	3
119	7
119	7
119	9
119	6
119	7
119	6
119	7
119	7
119	7
119	3
119	2
119	7
119	6
120	6
120	7
120	2
120	6
120	6
120	7
120	6
120	7
120	9
120	7
120	2
120	6
120	7
120	7
120	6
120	7
120	4
120	7
120	2
120	10
121	6
121	7
121	5
121	7
121	6
121	5
121	7
121	10
121	4
121	7
121	7
121	9
121	10
121	2
121	9
121	2
121	6
121	3
121	7
121	7
122	8
122	7
122	2
122	8
122	6
122	6
122	6
122	5
122	3
122	7
122	2
122	6
122	6
122	7
122	4
122	7
122	7
122	3
122	7
122	3
123	7
123	2
123	7
123	4
123	7
123	2
123	7
123	6
123	5
123	9
123	6
123	6
123	10
123	8
123	2
123	2
123	7
123	7
123	7
123	6
124	7
124	6
124	9
124	7
124	8
124	6
124	8
124	6
124	2
124	3
124	2
124	7
124	6
124	2
124	3
124	8
124	7
124	2
124	8
124	6
125	2
125	2
125	7
125	5
125	7
125	6
125	8
125	3
125	3
125	5
125	4
125	2
125	8
125	6
125	6
125	6
125	2
125	6
125	3
125	3
126	2
126	4
126	3
126	7
126	2
126	9
126	7
126	2
126	7
126	10
126	7
126	3
126	7
126	7
126	6
126	6
126	8
126	3
126	2
126	7
127	7
127	2
127	6
127	10
127	4
127	6
127	8
127	2
127	6
127	4
127	10
127	9
127	7
127	7
127	10
127	9
127	7
127	6
127	8
127	6
128	3
128	7
128	8
128	7
128	10
128	8
128	7
128	7
128	3
128	7
128	6
128	8
128	8
128	2
128	7
128	9
128	6
128	6
128	7
128	2
129	7
129	3
129	9
129	7
129	8
129	4
129	3
129	8
129	8
129	7
129	5
129	7
129	6
129	7
129	9
129	7
129	7
129	2
129	3
129	7
130	6
130	6
130	4
130	7
130	9
130	10
130	8
130	7
130	6
130	6
130	7
130	6
130	2
130	3
130	3
130	4
130	7
130	6
130	7
130	7
131	5
131	2
131	7
131	2
131	7
131	2
131	3
131	6
131	6
131	6
131	6
131	7
131	6
131	6
131	6
131	6
131	6
131	8
131	7
131	3
132	4
132	9
132	2
132	4
132	2
132	10
132	6
132	8
132	7
132	9
132	6
132	6
132	5
132	7
132	7
132	7
132	2
132	7
132	9
132	2
133	7
133	8
133	7
133	10
133	8
133	2
133	7
133	7
133	7
133	7
133	7
133	7
133	7
133	7
133	2
133	2
133	7
133	7
133	5
133	4
134	7
134	2
134	6
134	9
134	9
134	7
134	7
134	10
134	5
134	8
134	7
134	10
134	2
134	10
134	7
134	8
134	7
134	7
134	7
134	2
135	8
135	7
135	10
135	10
135	7
135	7
135	6
135	9
135	6
135	7
135	7
135	5
135	9
135	7
135	7
135	5
135	10
135	7
135	7
135	6
136	3
136	7
136	4
136	6
136	3
136	3
136	2
136	3
136	7
136	9
136	7
136	4
136	8
136	6
136	7
136	9
136	7
136	8
136	3
136	9
137	7
137	7
137	4
137	6
137	6
137	7
137	3
137	10
137	6
137	10
137	2
137	7
137	7
137	2
137	10
137	2
137	7
137	10
137	8
137	6
138	2
138	9
138	2
138	7
138	6
138	6
138	9
138	7
138	2
138	7
138	7
138	7
138	6
138	10
138	3
138	7
138	3
138	2
138	8
138	7
139	2
139	8
139	2
139	2
139	8
139	6
139	6
139	7
139	3
139	9
139	7
139	2
139	10
139	3
139	10
139	8
139	9
139	7
139	7
139	9
140	6
140	7
140	9
140	7
140	7
140	2
140	7
140	8
140	6
140	6
140	7
140	7
140	7
140	7
140	6
140	7
140	2
140	3
140	7
140	7
141	7
141	10
141	7
141	4
141	3
141	3
141	7
141	7
141	6
141	3
141	7
141	2
141	8
141	9
141	10
141	7
141	4
141	7
141	7
141	6
142	7
142	2
142	2
142	2
142	7
142	7
142	6
142	7
142	6
142	7
142	10
142	9
142	6
142	7
142	10
142	7
142	2
142	8
142	7
142	6
143	7
143	2
143	5
143	5
143	7
143	8
143	2
143	7
143	9
143	7
143	10
143	2
143	7
143	9
143	8
143	5
143	7
143	10
143	2
143	10
144	8
144	7
144	7
144	6
144	2
144	6
144	7
144	8
144	7
144	8
144	7
144	10
144	7
144	6
144	4
144	7
144	8
144	7
144	10
144	2
145	7
145	3
145	10
145	3
145	5
145	3
145	7
145	2
145	10
145	3
145	3
145	6
145	10
145	9
145	5
145	7
145	9
145	2
145	7
145	7
146	3
146	10
146	3
146	6
146	9
146	3
146	9
146	7
146	6
146	9
146	9
146	7
146	6
146	2
146	7
146	6
146	3
146	6
146	10
146	7
147	6
147	8
147	7
147	9
147	2
147	6
147	10
147	8
147	6
147	2
147	7
147	4
147	7
147	7
147	7
147	4
147	7
147	8
147	7
147	2
148	6
148	2
148	2
148	7
148	6
148	7
148	9
148	7
148	8
148	2
148	7
148	6
148	3
148	3
148	2
148	7
148	4
148	10
148	8
148	7
149	7
149	2
149	4
149	7
149	9
149	7
149	3
149	2
149	7
149	6
149	10
149	7
149	3
149	6
149	6
149	2
149	10
149	7
149	3
149	7
150	3
150	6
150	3
150	8
150	7
150	10
150	2
150	4
150	2
150	2
150	2
150	6
150	4
150	7
150	10
150	2
150	2
150	2
150	2
150	2
151	7
151	11
151	7
151	7
151	3
151	7
151	8
151	10
151	2
151	6
151	7
151	7
151	7
151	7
151	8
151	7
151	4
151	4
151	2
151	8
152	7
152	6
152	7
152	7
152	4
152	8
152	6
152	6
152	7
152	4
152	10
152	6
152	7
152	6
152	7
152	6
152	6
152	6
152	8
152	4
153	10
153	10
153	2
153	3
153	9
153	9
153	2
153	10
153	2
153	2
153	5
153	7
153	6
153	10
153	2
153	6
153	7
153	6
153	7
153	3
154	10
154	7
154	7
154	7
154	2
154	6
154	6
154	6
154	7
154	7
154	10
154	6
154	9
154	4
154	2
154	7
154	2
154	6
154	10
154	10
155	10
155	7
155	2
155	8
155	8
155	6
155	10
155	2
155	10
155	9
155	6
155	8
155	8
155	7
155	2
155	6
155	8
155	7
155	10
155	3
156	10
156	2
156	2
156	2
156	10
156	7
156	7
156	7
156	7
156	4
156	9
156	7
156	7
156	7
156	7
156	2
156	6
156	8
156	7
156	2
157	4
157	7
157	7
157	3
157	2
157	8
157	8
157	7
157	10
157	2
157	6
157	6
157	2
157	7
157	7
157	7
157	10
157	2
157	3
157	7
158	10
158	9
158	7
158	7
158	7
158	4
158	7
158	4
158	8
158	10
158	10
158	10
158	9
158	8
158	7
158	9
158	10
158	5
158	7
158	7
159	7
159	2
159	9
159	6
159	5
159	7
159	7
159	6
159	6
159	7
159	5
159	9
159	7
159	7
159	7
159	2
159	7
159	8
159	7
159	6
160	7
160	7
160	4
160	3
160	4
160	2
160	7
160	7
160	8
160	10
160	7
160	7
160	3
160	2
160	10
160	7
160	10
160	7
160	3
160	7
161	3
161	3
161	2
161	3
161	9
161	6
161	2
161	5
161	6
161	10
161	2
161	9
161	6
161	7
161	8
161	8
161	10
161	8
161	3
161	10
162	7
162	9
162	10
162	7
162	5
162	6
162	10
162	7
162	7
162	4
162	10
162	7
162	4
162	9
162	7
162	10
162	6
162	10
162	9
162	7
163	2
163	6
163	10
163	10
163	7
163	2
163	7
163	2
163	7
163	7
163	5
163	2
163	10
163	6
163	7
163	7
163	10
163	7
163	7
163	7
164	10
164	3
164	2
164	9
164	2
164	7
164	2
164	6
164	3
164	9
164	2
164	7
164	8
164	9
164	4
164	9
164	3
164	2
164	2
164	2
165	6
165	3
165	7
165	4
165	7
165	7
165	7
165	2
165	2
165	3
165	7
165	3
165	3
165	5
165	6
165	10
165	7
165	4
165	10
165	6
166	4
166	8
166	3
166	9
166	3
166	2
166	6
166	9
166	7
166	7
166	7
166	7
166	7
166	6
166	9
166	10
166	7
166	7
166	6
166	2
167	10
167	8
167	8
167	7
167	7
167	10
167	7
167	7
167	2
167	6
167	7
167	5
167	7
167	7
167	7
167	3
167	7
167	8
167	4
167	3
168	10
168	5
168	7
168	3
168	5
168	2
168	2
168	10
168	2
168	3
168	3
168	3
168	10
168	3
168	10
168	10
168	2
168	3
168	7
168	2
169	7
169	4
169	10
169	3
169	2
169	10
169	10
169	2
169	8
169	3
169	5
169	7
169	10
169	2
169	7
169	10
169	7
169	3
169	9
169	4
170	7
170	2
170	7
170	7
170	2
170	7
170	7
170	10
170	7
170	10
170	9
170	2
170	6
170	5
170	7
170	2
170	2
170	7
170	10
170	5
171	7
171	2
171	8
171	9
171	10
171	10
171	7
171	7
171	10
171	5
171	2
171	9
171	4
171	2
171	2
171	2
171	7
171	6
171	7
171	2
172	7
172	8
172	7
172	2
172	7
172	7
172	2
172	10
172	2
172	2
172	3
172	3
172	7
172	7
172	10
172	2
172	8
172	5
172	3
172	7
173	7
173	2
173	2
173	6
173	9
173	7
173	7
173	7
173	9
173	7
173	7
173	10
173	10
173	3
173	7
173	10
173	6
173	10
173	2
173	10
174	9
174	2
174	3
174	7
174	7
174	7
174	9
174	9
174	7
174	7
174	7
174	2
174	8
174	10
174	6
174	7
174	4
174	8
174	7
174	7
175	7
175	7
175	7
175	2
175	2
175	3
175	7
175	7
175	9
175	10
175	7
175	9
175	5
175	7
175	5
175	2
175	6
175	10
175	7
175	4
176	10
176	8
176	10
176	4
176	6
176	2
176	7
176	7
176	6
176	7
176	2
176	7
176	7
176	7
176	6
176	7
176	6
176	2
176	5
176	7
177	2
177	10
177	7
177	10
177	3
177	3
177	7
177	7
177	7
177	10
177	2
177	7
177	2
177	3
177	4
177	10
177	7
177	9
177	8
177	7
178	8
178	4
178	3
178	7
178	10
178	2
178	7
178	7
178	7
178	10
178	2
178	6
178	7
178	9
178	7
178	7
178	8
178	9
178	4
178	7
179	7
179	2
179	4
179	3
179	10
179	2
179	9
179	10
179	2
179	9
179	8
179	9
179	10
179	2
179	10
179	4
179	10
179	7
179	2
179	7
180	6
180	7
180	10
180	7
180	7
180	10
180	9
180	10
180	4
180	6
180	7
180	2
180	9
180	3
180	6
180	10
180	7
180	6
180	10
180	2
181	2
181	3
181	7
181	7
181	2
181	7
181	10
181	10
181	7
181	7
181	3
181	9
181	8
181	7
181	10
181	3
181	7
181	3
181	8
181	7
182	2
182	7
182	10
182	9
182	10
182	6
182	2
182	4
182	10
182	7
182	10
182	6
182	10
182	2
182	2
182	10
182	3
182	7
182	2
182	7
183	10
183	7
183	10
183	2
183	7
183	7
183	10
183	2
183	7
183	2
183	10
183	7
183	7
183	10
183	7
183	10
183	7
183	3
183	10
183	6
184	6
184	10
184	7
184	9
184	2
184	3
184	8
184	7
184	10
184	10
184	7
184	7
184	7
184	3
184	2
184	4
184	5
184	10
184	8
184	2
185	10
185	9
185	3
185	7
185	6
185	3
185	10
185	10
185	10
185	10
185	7
185	3
185	2
185	10
185	7
185	7
185	10
185	7
185	4
185	2
186	7
186	11
186	8
186	5
186	10
186	2
186	10
186	10
186	10
186	7
186	6
186	12
186	9
186	10
186	10
186	3
186	10
186	2
186	2
186	10
187	7
187	7
187	10
187	7
187	7
187	4
187	5
187	7
187	10
187	7
187	3
187	9
187	2
187	10
187	6
187	4
187	7
187	7
187	9
187	2
188	7
188	2
188	7
188	10
188	6
188	2
188	7
188	2
188	10
188	8
188	9
188	2
188	7
188	9
188	10
188	9
188	7
188	10
188	4
188	7
189	3
189	7
189	2
189	3
189	3
189	9
189	7
189	10
189	10
189	2
189	7
189	7
189	4
189	10
189	7
189	8
189	11
189	9
189	2
189	4
190	2
190	10
190	10
190	6
190	7
190	6
190	10
190	3
190	10
190	7
190	7
190	2
190	7
190	7
190	10
190	4
190	2
190	7
190	4
190	2
191	7
191	10
191	3
191	2
191	2
191	7
191	7
191	7
191	7
191	7
191	2
191	10
191	10
191	6
191	7
191	9
191	10
191	2
191	10
191	7
192	10
192	10
192	8
192	10
192	4
192	2
192	7
192	3
192	7
192	7
192	10
192	10
192	10
192	7
192	9
192	10
192	7
192	10
192	3
192	10
193	2
193	10
193	7
193	6
193	12
193	7
193	10
193	2
193	10
193	9
193	2
193	3
193	6
193	7
193	6
193	2
193	2
193	4
193	9
193	7
194	9
194	2
194	2
194	3
194	4
194	3
194	6
194	10
194	10
194	3
194	7
194	7
194	10
194	5
194	10
194	9
194	10
194	8
194	3
194	3
195	2
195	4
195	7
195	9
195	3
195	9
195	4
195	3
195	7
195	9
195	10
195	9
195	4
195	2
195	4
195	10
195	7
195	10
195	10
195	6
196	3
196	7
196	10
196	2
196	2
196	10
196	7
196	10
196	3
196	10
196	10
196	6
196	4
196	9
196	8
196	7
196	10
196	7
196	7
196	10
197	10
197	10
197	2
197	10
197	7
197	7
197	2
197	3
197	6
197	8
197	5
197	10
197	6
197	2
197	7
197	10
197	2
197	7
197	4
197	9
198	2
198	2
198	10
198	10
198	7
198	3
198	10
198	10
198	10
198	6
198	7
198	2
198	7
198	10
198	2
198	10
198	3
198	5
198	6
198	10
199	10
199	10
199	10
199	10
199	3
199	2
199	10
199	7
199	10
199	7
199	7
199	10
199	7
199	10
199	5
199	2
199	10
199	5
199	2
199	2
200	2
200	7
200	2
200	7
200	10
200	7
200	2
200	10
200	3
200	5
200	3
200	6
200	2
200	10
200	10
200	10
200	3
200	10
200	4
200	7
201	2
201	2
201	10
201	7
201	4
201	10
201	6
201	3
201	12
201	9
201	10
201	4
201	10
201	10
201	11
201	10
201	8
201	7
201	10
201	10
202	3
202	7
202	7
202	2
202	2
202	10
202	2
202	7
202	10
202	2
202	10
202	10
202	10
202	10
202	6
202	11
202	6
202	2
202	6
202	10
203	7
203	9
203	10
203	2
203	7
203	7
203	6
203	7
203	6
203	9
203	2
203	6
203	2
203	2
203	10
203	11
203	2
203	6
203	5
203	2
204	2
204	2
204	7
204	8
204	2
204	10
204	10
204	10
204	3
204	6
204	10
204	7
204	2
204	10
204	7
204	10
204	10
204	10
204	6
204	7
205	6
205	2
205	3
205	7
205	7
205	2
205	4
205	7
205	6
205	3
205	10
205	2
205	3
205	10
205	4
205	11
205	7
205	8
205	2
205	10
206	10
206	4
206	7
206	2
206	6
206	7
206	10
206	10
206	10
206	8
206	7
206	9
206	6
206	2
206	6
206	4
206	7
206	10
206	7
206	2
207	8
207	10
207	10
207	10
207	7
207	10
207	9
207	3
207	2
207	7
207	7
207	6
207	11
207	10
207	10
207	2
207	2
207	7
207	8
207	2
208	10
208	2
208	7
208	2
208	10
208	10
208	10
208	10
208	6
208	2
208	9
208	3
208	2
208	5
208	10
208	6
208	2
208	8
208	2
208	6
209	2
209	10
209	10
209	7
209	7
209	6
209	3
209	4
209	10
209	11
209	10
209	4
209	7
209	8
209	8
209	4
209	3
209	6
209	7
209	8
210	3
210	7
210	10
210	10
210	7
210	10
210	2
210	6
210	4
210	11
210	6
210	6
210	10
210	3
210	10
210	10
210	10
210	7
210	3
210	7
211	6
211	12
211	2
211	4
211	6
211	2
211	6
211	2
211	10
211	7
211	7
211	9
211	11
211	6
211	8
211	10
211	2
211	10
211	2
211	10
212	7
212	10
212	7
212	10
212	11
212	7
212	2
212	3
212	10
212	10
212	6
212	7
212	2
212	7
212	9
212	10
212	6
212	7
212	4
212	11
213	10
213	6
213	10
213	10
213	3
213	2
213	10
213	3
213	10
213	2
213	10
213	7
213	2
213	10
213	10
213	2
213	10
213	7
213	10
213	7
214	2
214	10
214	10
214	11
214	3
214	9
214	2
214	6
214	6
214	5
214	10
214	10
214	7
214	3
214	2
214	3
214	10
214	10
214	10
214	10
215	6
215	10
215	2
215	7
215	3
215	9
215	5
215	9
215	10
215	10
215	2
215	10
215	10
215	10
215	10
215	8
215	7
215	7
215	10
215	2
216	7
216	2
216	10
216	7
216	10
216	10
216	4
216	6
216	6
216	10
216	10
216	2
216	7
216	6
216	8
216	9
216	8
216	7
216	9
216	10
217	7
217	3
217	10
217	2
217	10
217	10
217	10
217	10
217	8
217	10
217	4
217	8
217	10
217	6
217	7
217	7
217	10
217	10
217	3
217	10
218	7
218	2
218	6
218	7
218	10
218	10
218	10
218	2
218	7
218	10
218	7
218	11
218	8
218	2
218	10
218	2
218	7
218	7
218	4
218	9
219	6
219	10
219	7
219	7
219	4
219	2
219	10
219	3
219	3
219	7
219	10
219	7
219	2
219	11
219	10
219	10
219	10
219	10
219	2
219	2
220	7
220	8
220	10
220	7
220	2
220	10
220	2
220	2
220	3
220	2
220	11
220	7
220	7
220	7
220	10
220	10
220	7
220	2
220	7
220	3
221	10
221	10
221	7
221	2
221	2
221	2
221	2
221	7
221	10
221	9
221	10
221	2
221	5
221	10
221	8
221	7
221	7
221	10
221	7
221	2
222	10
222	10
222	6
222	7
222	7
222	2
222	7
222	7
222	11
222	2
222	2
222	10
222	10
222	7
222	3
222	10
222	6
222	7
222	3
222	6
223	10
223	2
223	8
223	7
223	8
223	2
223	7
223	11
223	11
223	2
223	4
223	10
223	10
223	10
223	7
223	7
223	11
223	11
223	2
223	10
224	6
224	4
224	11
224	10
224	3
224	9
224	10
224	7
224	7
224	3
224	4
224	3
224	7
224	10
224	10
224	2
224	9
224	2
224	10
224	3
225	10
225	7
225	11
225	3
225	4
225	7
225	10
225	10
225	2
225	6
225	3
225	4
225	6
225	10
225	10
225	10
225	2
225	2
225	2
225	7
226	7
226	10
226	7
226	7
226	8
226	2
226	4
226	3
226	2
226	10
226	2
226	4
226	7
226	3
226	10
226	10
226	6
226	2
226	7
226	6
227	10
227	10
227	7
227	7
227	10
227	7
227	7
227	10
227	2
227	10
227	7
227	4
227	7
227	7
227	6
227	3
227	10
227	10
227	10
227	10
228	11
228	2
228	7
228	7
228	7
228	7
228	10
228	6
228	8
228	7
228	10
228	10
228	10
228	10
228	2
228	10
228	10
228	7
228	3
228	2
229	10
229	3
229	10
229	10
229	4
229	3
229	3
229	7
229	7
229	10
229	10
229	10
229	7
229	10
229	10
229	2
229	5
229	7
229	6
229	10
230	10
230	11
230	2
230	7
230	6
230	8
230	3
230	3
230	7
230	7
230	10
230	3
230	7
230	5
230	4
230	6
230	10
230	2
230	2
230	10
231	7
231	10
231	10
231	7
231	4
231	7
231	7
231	2
231	4
231	2
231	7
231	4
231	10
231	3
231	10
231	2
231	2
231	7
231	2
231	7
232	10
232	6
232	7
232	8
232	9
232	10
232	7
232	2
232	2
232	11
232	7
232	2
232	10
232	8
232	10
232	2
232	10
232	7
232	2
232	6
233	7
233	10
233	10
233	7
233	10
233	7
233	2
233	6
233	3
233	10
233	10
233	10
233	3
233	3
233	10
233	2
233	7
233	10
233	7
233	11
234	7
234	7
234	10
234	10
234	9
234	10
234	9
234	7
234	8
234	6
234	10
234	7
234	10
234	10
234	4
234	10
234	7
234	10
234	10
234	4
235	2
235	2
235	10
235	2
235	2
235	2
235	10
235	7
235	10
235	10
235	10
235	9
235	9
235	10
235	10
235	3
235	7
235	10
235	2
235	10
236	9
236	3
236	10
236	10
236	2
236	2
236	10
236	3
236	2
236	12
236	2
236	10
236	7
236	3
236	10
236	10
236	10
236	3
236	7
236	11
237	7
237	4
237	7
237	10
237	10
237	10
237	2
237	2
237	10
237	10
237	10
237	6
237	10
237	10
237	10
237	10
237	10
237	4
237	10
237	11
238	2
238	3
238	10
238	5
238	10
238	6
238	10
238	10
238	10
238	6
238	2
238	10
238	5
238	6
238	4
238	7
238	7
238	2
238	10
238	2
239	7
239	10
239	5
239	10
239	7
239	8
239	10
239	11
239	4
239	3
239	10
239	10
239	4
239	10
239	4
239	3
239	7
239	10
239	10
239	2
240	6
240	2
240	11
240	7
240	2
240	10
240	3
240	10
240	10
240	7
240	12
240	10
240	10
240	7
240	7
240	11
240	2
240	2
240	10
240	10
241	10
241	10
241	2
241	11
241	10
241	3
241	10
241	10
241	4
241	2
241	10
241	2
241	7
241	10
241	7
241	7
241	2
241	10
241	11
241	11
242	7
242	10
242	10
242	10
242	2
242	2
242	11
242	10
242	3
242	2
242	7
242	10
242	2
242	2
242	2
242	3
242	10
242	7
242	3
242	7
243	10
243	11
243	5
243	5
243	10
243	7
243	10
243	7
243	10
243	10
243	4
243	7
243	2
243	3
243	7
243	6
243	5
243	10
243	10
243	2
244	10
244	10
244	10
244	10
244	6
244	7
244	3
244	10
244	7
244	7
244	10
244	10
244	10
244	2
244	10
244	10
244	7
244	2
244	10
244	10
245	10
245	4
245	6
245	10
245	7
245	7
245	7
245	2
245	4
245	2
245	7
245	2
245	7
245	9
245	10
245	2
245	3
245	10
245	10
245	2
246	2
246	10
246	10
246	10
246	3
246	3
246	5
246	7
246	4
246	2
246	10
246	10
246	7
246	7
246	2
246	3
246	10
246	10
246	10
246	3
247	10
247	2
247	10
247	6
247	2
247	10
247	8
247	2
247	7
247	10
247	7
247	10
247	10
247	7
247	7
247	10
247	10
247	2
247	10
247	9
248	7
248	4
248	2
248	4
248	3
248	10
248	2
248	10
248	7
248	7
248	7
248	11
248	3
248	10
248	10
248	10
248	10
248	7
248	7
248	3
249	7
249	10
249	2
249	11
249	10
249	10
249	2
249	7
249	2
249	2
249	10
249	10
249	10
249	11
249	7
249	10
249	10
249	10
249	3
249	10
250	10
250	10
250	4
250	2
250	4
250	10
250	3
250	2
250	7
250	2
250	10
250	5
250	10
250	10
250	10
250	10
250	10
250	5
250	2
250	10
251	10
251	7
251	10
251	2
251	10
251	10
251	10
251	6
251	7
251	7
251	6
251	10
251	11
251	2
251	10
251	4
251	3
251	10
251	6
251	2
252	11
252	10
252	2
252	7
252	7
252	10
252	2
252	10
252	7
252	2
252	7
252	10
252	3
252	10
252	10
252	2
252	10
252	7
252	10
252	10
253	8
253	10
253	10
253	10
253	2
253	6
253	3
253	10
253	11
253	10
253	2
253	10
253	2
253	10
253	7
253	7
253	7
253	9
253	2
253	2
254	2
254	10
254	12
254	2
254	2
254	7
254	10
254	3
254	7
254	10
254	10
254	10
254	7
254	10
254	2
254	7
254	7
254	2
254	2
254	10
255	10
255	3
255	10
255	7
255	2
255	10
255	2
255	2
255	10
255	7
255	3
255	2
255	2
255	6
255	7
255	8
255	10
255	10
255	10
255	10
256	6
256	10
256	11
256	10
256	10
256	10
256	10
256	10
256	10
256	10
256	2
256	10
256	10
256	7
256	10
256	7
256	10
256	2
256	10
256	10
257	11
257	9
257	10
257	10
257	10
257	10
257	10
257	10
257	10
257	2
257	3
257	9
257	7
257	7
257	10
257	2
257	10
257	2
257	6
257	6
258	10
258	10
258	2
258	6
258	10
258	3
258	2
258	7
258	3
258	7
258	6
258	7
258	11
258	10
258	12
258	3
258	10
258	10
258	11
258	2
259	3
259	2
259	3
259	10
259	10
259	3
259	10
259	7
259	10
259	10
259	10
259	10
259	10
259	9
259	10
259	6
259	10
259	10
259	10
259	6
260	4
260	10
260	2
260	10
260	10
260	10
260	3
260	10
260	2
260	11
260	3
260	10
260	7
260	2
260	10
260	10
260	6
260	2
260	10
260	10
261	7
261	10
261	10
261	7
261	10
261	4
261	10
261	10
261	7
261	11
261	10
261	10
261	10
261	10
261	10
261	10
261	7
261	10
261	10
261	10
262	10
262	6
262	10
262	2
262	3
262	10
262	10
262	10
262	10
262	10
262	10
262	7
262	2
262	2
262	2
262	10
262	10
262	10
262	10
262	7
263	10
263	2
263	10
263	2
263	6
263	2
263	7
263	10
263	7
263	2
263	2
263	10
263	10
263	10
263	10
263	7
263	2
263	10
263	10
263	10
264	10
264	10
264	7
264	10
264	10
264	10
264	10
264	10
264	2
264	7
264	5
264	3
264	10
264	2
264	10
264	10
264	10
264	10
264	6
264	4
265	2
265	10
265	3
265	10
265	10
265	7
265	10
265	2
265	10
265	10
265	2
265	7
265	11
265	7
265	2
265	7
265	9
265	3
265	10
265	10
266	4
266	10
266	7
266	2
266	2
266	10
266	11
266	4
266	7
266	2
266	3
266	11
266	11
266	2
266	4
266	10
266	2
266	11
266	10
266	10
267	10
267	11
267	4
267	7
267	4
267	11
267	7
267	6
267	10
267	10
267	3
267	10
267	11
267	10
267	2
267	10
267	2
267	7
267	10
267	2
268	2
268	10
268	10
268	3
268	7
268	2
268	12
268	7
268	10
268	10
268	10
268	10
268	10
268	2
268	3
268	10
268	3
268	2
268	7
268	10
269	10
269	10
269	2
269	10
269	4
269	4
269	10
269	3
269	4
269	10
269	2
269	4
269	2
269	2
269	7
269	5
269	10
269	4
269	11
269	10
270	2
270	3
270	10
270	10
270	2
270	10
270	2
270	5
270	3
270	12
270	3
270	11
270	10
270	7
270	11
270	10
270	2
270	7
270	6
270	10
271	10
271	10
271	10
271	10
271	4
271	10
271	2
271	10
271	10
271	4
271	7
271	2
271	10
271	10
271	10
271	10
271	10
271	2
271	3
271	7
272	2
272	2
272	10
272	10
272	2
272	10
272	7
272	10
272	6
272	7
272	10
272	10
272	2
272	10
272	10
272	3
272	7
272	7
272	10
272	10
273	7
273	10
273	10
273	7
273	4
273	10
273	10
273	2
273	10
273	2
273	10
273	11
273	2
273	11
273	5
273	10
273	10
273	2
273	6
273	2
274	10
274	11
274	10
274	7
274	10
274	10
274	10
274	7
274	7
274	2
274	10
274	7
274	4
274	2
274	10
274	10
274	10
274	6
274	10
274	10
275	10
275	10
275	10
275	10
275	2
275	10
275	7
275	10
275	4
275	7
275	10
275	2
275	4
275	4
275	10
275	7
275	6
275	10
275	10
275	11
276	3
276	10
276	7
276	6
276	7
276	10
276	2
276	5
276	7
276	2
276	6
276	10
276	10
276	4
276	6
276	6
276	4
276	10
276	10
276	10
277	10
277	9
277	7
277	10
277	10
277	2
277	10
277	11
277	6
277	4
277	5
277	7
277	11
277	3
277	10
277	10
277	10
277	10
277	7
277	10
278	7
278	2
278	2
278	6
278	10
278	7
278	10
278	10
278	4
278	10
278	10
278	2
278	7
278	10
278	10
278	7
278	10
278	10
278	10
278	10
279	10
279	7
279	2
279	10
279	10
279	10
279	10
279	3
279	3
279	10
279	10
279	7
279	10
279	2
279	10
279	10
279	10
279	10
279	2
279	10
280	11
280	10
280	10
280	12
280	7
280	11
280	10
280	2
280	10
280	2
280	10
280	3
280	7
280	11
280	10
280	10
280	6
280	2
280	10
280	2
281	10
281	10
281	10
281	10
281	6
281	7
281	10
281	7
281	10
281	7
281	4
281	10
281	2
281	10
281	2
281	10
281	3
281	7
281	2
281	2
282	10
282	3
282	4
282	10
282	10
282	11
282	2
282	2
282	2
282	6
282	10
282	7
282	10
282	3
282	10
282	11
282	6
282	11
282	10
282	10
283	10
283	11
283	10
283	2
283	2
283	6
283	7
283	10
283	3
283	10
283	5
283	4
283	10
283	3
283	2
283	10
283	6
283	3
283	10
283	3
284	3
284	2
284	10
284	10
284	10
284	3
284	11
284	10
284	10
284	10
284	10
284	10
284	10
284	10
284	11
284	10
284	6
284	7
284	7
284	10
285	10
285	2
285	10
285	7
285	10
285	10
285	10
285	10
285	6
285	10
285	3
285	4
285	10
285	2
285	10
285	10
285	10
285	2
285	10
285	10
286	10
286	10
286	10
286	2
286	2
286	5
286	2
286	4
286	7
286	10
286	10
286	2
286	10
286	7
286	10
286	2
286	6
286	10
286	2
286	3
287	10
287	7
287	10
287	10
287	10
287	11
287	10
287	3
287	4
287	10
287	10
287	10
287	2
287	4
287	4
287	10
287	11
287	10
287	10
287	10
288	10
288	10
288	10
288	4
288	2
288	7
288	11
288	6
288	3
288	4
288	2
288	11
288	4
288	2
288	11
288	10
288	10
288	3
288	11
288	7
289	2
289	2
289	2
289	4
289	10
289	3
289	11
289	11
289	10
289	2
289	10
289	10
289	2
289	10
289	10
289	3
289	4
289	11
289	3
289	3
290	10
290	10
290	10
290	3
290	10
290	7
290	10
290	2
290	10
290	2
290	10
290	2
290	10
290	11
290	3
290	10
290	2
290	7
290	10
290	2
291	10
291	7
291	11
291	10
291	10
291	2
291	2
291	10
291	2
291	7
291	10
291	11
291	10
291	2
291	10
291	3
291	10
291	11
291	3
291	10
292	10
292	7
292	10
292	10
292	10
292	7
292	10
292	10
292	6
292	10
292	10
292	3
292	10
292	2
292	10
292	2
292	3
292	10
292	7
292	10
293	10
293	7
293	10
293	4
293	3
293	11
293	2
293	3
293	4
293	10
293	4
293	10
293	10
293	10
293	10
293	11
293	10
293	2
293	2
293	3
294	7
294	7
294	10
294	10
294	10
294	2
294	2
294	2
294	10
294	10
294	10
294	10
294	10
294	10
294	10
294	10
294	7
294	6
294	10
294	10
295	2
295	10
295	4
295	11
295	10
295	2
295	10
295	10
295	4
295	10
295	3
295	11
295	10
295	10
295	10
295	10
295	7
295	10
295	2
295	10
296	4
296	10
296	10
296	10
296	7
296	7
296	11
296	10
296	10
296	11
296	2
296	2
296	4
296	3
296	10
296	10
296	10
296	7
296	10
296	10
297	4
297	10
297	10
297	11
297	10
297	10
297	7
297	10
297	3
297	10
297	7
297	10
297	2
297	7
297	4
297	10
297	2
297	11
297	2
297	10
298	10
298	10
298	10
298	11
298	4
298	2
298	4
298	10
298	10
298	7
298	10
298	10
298	10
298	10
298	10
298	10
298	4
298	4
298	2
298	7
299	10
299	10
299	10
299	6
299	11
299	9
299	10
299	3
299	10
299	3
299	10
299	3
299	3
299	10
299	3
299	10
299	2
299	7
299	4
299	10
300	10
300	2
300	7
300	10
300	2
300	10
300	10
300	2
300	3
300	10
300	11
300	6
300	10
300	7
300	11
300	7
300	10
300	11
300	3
300	10
301	7
301	10
301	4
301	7
301	10
301	10
301	4
301	6
301	10
301	10
301	10
301	10
301	10
301	6
301	10
301	10
301	10
301	7
301	11
301	4
302	2
302	10
302	3
302	10
302	10
302	7
302	10
302	2
302	6
302	10
302	3
302	10
302	2
302	10
302	3
302	10
302	10
302	10
302	10
302	10
303	4
303	10
303	11
303	11
303	3
303	4
303	10
303	10
303	4
303	10
303	7
303	10
303	10
303	2
303	10
303	10
303	2
303	2
303	7
303	10
304	10
304	10
304	10
304	10
304	2
304	10
304	10
304	10
304	6
304	11
304	4
304	3
304	2
304	10
304	11
304	2
304	10
304	2
304	10
304	11
305	7
305	10
305	10
305	2
305	5
305	10
305	6
305	2
305	2
305	3
305	10
305	2
305	10
305	4
305	10
305	2
305	10
305	4
305	3
305	10
306	2
306	11
306	10
306	10
306	10
306	10
306	10
306	7
306	10
306	10
306	10
306	7
306	11
306	6
306	2
306	7
306	7
306	10
306	10
306	11
307	10
307	10
307	6
307	7
307	10
307	4
307	10
307	10
307	6
307	2
307	2
307	2
307	3
307	10
307	10
307	10
307	10
307	10
307	10
307	11
308	6
308	10
308	2
308	10
308	11
308	7
308	10
308	10
308	10
308	10
308	10
308	11
308	2
308	10
308	10
308	12
308	10
308	10
308	10
308	3
309	2
309	10
309	2
309	11
309	10
309	10
309	3
309	10
309	10
309	3
309	3
309	5
309	10
309	10
309	2
309	11
309	11
309	10
309	3
309	10
310	4
310	10
310	10
310	7
310	10
310	3
310	10
310	7
310	10
310	7
310	3
310	7
310	10
310	10
310	4
310	11
310	2
310	10
310	7
310	5
311	2
311	7
311	10
311	2
311	2
311	10
311	11
311	10
311	10
311	5
311	3
311	10
311	10
311	11
311	10
311	10
311	10
311	10
311	10
311	2
312	2
312	10
312	2
312	10
312	10
312	10
312	10
312	7
312	2
312	10
312	11
312	10
312	10
312	2
312	3
312	6
312	10
312	7
312	10
312	2
313	10
313	10
313	2
313	11
313	10
313	10
313	7
313	7
313	10
313	10
313	2
313	2
313	3
313	10
313	10
313	10
313	3
313	10
313	10
313	2
314	10
314	6
314	7
314	11
314	2
314	2
314	10
314	11
314	11
314	10
314	3
314	6
314	10
314	11
314	7
314	4
314	5
314	2
314	10
314	10
315	10
315	11
315	5
315	10
315	7
315	11
315	11
315	4
315	2
315	10
315	11
315	10
315	2
315	10
315	3
315	10
315	2
315	7
315	10
315	2
316	6
316	11
316	10
316	4
316	7
316	10
316	10
316	10
316	7
316	6
316	10
316	10
316	10
316	10
316	5
316	4
316	10
316	2
316	11
316	10
317	2
317	3
317	10
317	10
317	10
317	2
317	10
317	4
317	10
317	10
317	10
317	10
317	10
317	2
317	7
317	10
317	10
317	2
317	10
317	10
318	10
318	7
318	4
318	3
318	10
318	7
318	11
318	4
318	6
318	2
318	4
318	3
318	3
318	10
318	7
318	10
318	4
318	10
318	10
318	2
319	10
319	10
319	12
319	5
319	7
319	2
319	10
319	2
319	10
319	10
319	10
319	2
319	10
319	10
319	2
319	10
319	10
319	6
319	2
319	2
320	3
320	2
320	10
320	10
320	2
320	7
320	11
320	6
320	10
320	2
320	10
320	11
320	2
320	10
320	10
320	10
320	10
320	6
320	5
320	10
321	2
321	10
321	2
321	10
321	6
321	7
321	5
321	10
321	2
321	10
321	10
321	10
321	2
321	7
321	10
321	6
321	10
321	6
321	6
321	2
322	10
322	10
322	11
322	10
322	10
322	2
322	4
322	11
322	10
322	10
322	10
322	10
322	3
322	11
322	11
322	10
322	3
322	5
322	10
322	10
323	10
323	7
323	11
323	2
323	10
323	10
323	2
323	2
323	10
323	10
323	10
323	4
323	11
323	12
323	10
323	10
323	10
323	2
323	11
323	10
324	10
324	10
324	10
324	2
324	2
324	10
324	11
324	10
324	5
324	10
324	5
324	6
324	7
324	10
324	10
324	2
324	6
324	10
324	10
324	10
325	10
325	2
325	3
325	3
325	2
325	10
325	10
325	2
325	2
325	2
325	7
325	10
325	2
325	11
325	10
325	10
325	6
325	10
325	2
325	2
326	7
326	10
326	10
326	10
326	10
326	10
326	10
326	2
326	11
326	3
326	10
326	2
326	10
326	11
326	10
326	11
326	10
326	10
326	11
326	7
327	7
327	2
327	2
327	7
327	7
327	11
327	2
327	2
327	10
327	2
327	10
327	10
327	4
327	3
327	10
327	10
327	3
327	10
327	2
327	10
328	4
328	10
328	10
328	10
328	10
328	10
328	7
328	10
328	11
328	6
328	11
328	3
328	7
328	4
328	7
328	11
328	10
328	10
328	6
328	3
329	10
329	10
329	10
329	5
329	10
329	10
329	4
329	10
329	11
329	5
329	6
329	2
329	11
329	10
329	3
329	2
329	10
329	3
329	10
329	11
330	2
330	10
330	6
330	6
330	10
330	4
330	3
330	4
330	2
330	7
330	7
330	10
330	10
330	11
330	10
330	10
330	10
330	2
330	11
330	2
331	10
331	10
331	2
331	7
331	10
331	4
331	11
331	10
331	2
331	10
331	4
331	11
331	10
331	10
331	2
331	10
331	2
331	10
331	10
331	10
332	11
332	2
332	10
332	10
332	7
332	10
332	4
332	10
332	10
332	4
332	10
332	2
332	2
332	11
332	11
332	2
332	3
332	10
332	10
332	10
333	10
333	7
333	10
333	11
333	10
333	4
333	2
333	10
333	2
333	5
333	10
333	10
333	10
333	2
333	10
333	10
333	10
333	10
333	2
333	6
334	10
334	2
334	10
334	11
334	10
334	2
334	2
334	2
334	10
334	11
334	2
334	11
334	3
334	3
334	7
334	3
334	2
334	10
334	3
334	7
335	4
335	10
335	2
335	10
335	10
335	10
335	11
335	10
335	4
335	10
335	10
335	10
335	10
335	10
335	7
335	2
335	10
335	11
335	10
335	10
336	10
336	10
336	10
336	10
336	10
336	10
336	10
336	10
336	2
336	10
336	10
336	10
336	10
336	2
336	10
336	3
336	11
336	10
336	10
336	7
337	10
337	2
337	11
337	10
337	2
337	11
337	2
337	10
337	10
337	3
337	10
337	10
337	2
337	11
337	3
337	2
337	10
337	10
337	10
337	10
338	10
338	2
338	3
338	3
338	11
338	11
338	10
338	11
338	2
338	10
338	10
338	10
338	10
338	2
338	10
338	11
338	10
338	11
338	10
338	10
339	7
339	10
339	10
339	10
339	10
339	10
339	2
339	10
339	4
339	10
339	6
339	2
339	10
339	2
339	10
339	2
339	12
339	10
339	10
339	10
340	3
340	10
340	10
340	10
340	10
340	10
340	10
340	7
340	3
340	10
340	10
340	2
340	10
340	10
340	10
340	10
340	7
340	7
340	5
340	10
341	7
341	10
341	2
341	10
341	10
341	11
341	10
341	10
341	10
341	3
341	3
341	10
341	3
341	10
341	11
341	2
341	6
341	11
341	10
341	2
342	10
342	10
342	11
342	7
342	11
342	10
342	11
342	10
342	10
342	10
342	4
342	10
342	2
342	10
342	11
342	11
342	10
342	10
342	4
342	10
343	10
343	10
343	10
343	7
343	4
343	10
343	10
343	10
343	3
343	3
343	3
343	7
343	3
343	4
343	2
343	2
343	7
343	11
343	2
343	11
344	4
344	6
344	11
344	10
344	10
344	3
344	10
344	11
344	2
344	10
344	10
344	5
344	3
344	11
344	10
344	10
344	10
344	2
344	2
344	10
345	2
345	10
345	11
345	10
345	2
345	2
345	10
345	2
345	2
345	10
345	3
345	10
345	10
345	10
345	11
345	11
345	6
345	10
345	6
345	10
346	10
346	10
346	10
346	10
346	2
346	10
346	10
346	2
346	2
346	11
346	4
346	11
346	10
346	10
346	10
346	11
346	10
346	2
346	10
346	7
347	10
347	2
347	10
347	10
347	10
347	4
347	10
347	2
347	3
347	3
347	10
347	12
347	11
347	10
347	10
347	7
347	2
347	2
347	10
347	10
348	10
348	7
348	10
348	3
348	2
348	7
348	10
348	10
348	11
348	2
348	7
348	10
348	10
348	2
348	10
348	10
348	7
348	2
348	10
348	7
349	10
349	7
349	11
349	10
349	10
349	3
349	2
349	2
349	11
349	2
349	11
349	2
349	10
349	10
349	11
349	10
349	10
349	2
349	10
349	11
350	4
350	10
350	10
350	10
350	10
350	2
350	2
350	12
350	4
350	11
350	10
350	10
350	10
350	10
350	4
350	2
350	10
350	4
350	11
350	11
351	10
351	7
351	2
351	3
351	10
351	10
351	10
351	2
351	10
351	2
351	11
351	2
351	10
351	3
351	10
351	10
351	10
351	10
351	5
351	10
352	10
352	10
352	10
352	3
352	10
352	2
352	11
352	10
352	4
352	10
352	2
352	6
352	10
352	11
352	11
352	10
352	2
352	11
352	4
352	10
353	10
353	3
353	3
353	11
353	2
353	2
353	2
353	2
353	10
353	12
353	3
353	11
353	10
353	10
353	3
353	10
353	10
353	2
353	7
353	10
354	11
354	10
354	2
354	3
354	10
354	2
354	10
354	10
354	10
354	2
354	10
354	2
354	10
354	10
354	3
354	11
354	10
354	11
354	2
354	2
355	11
355	10
355	11
355	3
355	12
355	2
355	2
355	2
355	10
355	10
355	2
355	10
355	2
355	3
355	3
355	2
355	2
355	2
355	10
355	4
356	10
356	2
356	7
356	2
356	10
356	11
356	11
356	10
356	11
356	3
356	2
356	2
356	11
356	10
356	2
356	11
356	2
356	12
356	10
356	10
357	12
357	10
357	11
357	10
357	10
357	11
357	10
357	2
357	10
357	4
357	4
357	11
357	11
357	10
357	7
357	10
357	2
357	11
357	10
357	3
358	3
358	11
358	10
358	10
358	10
358	11
358	2
358	6
358	7
358	10
358	10
358	2
358	11
358	10
358	10
358	10
358	2
358	10
358	10
358	2
359	2
359	10
359	10
359	10
359	7
359	10
359	10
359	2
359	10
359	4
359	2
359	11
359	10
359	11
359	2
359	7
359	10
359	2
359	10
359	10
360	4
360	11
360	10
360	11
360	10
360	10
360	2
360	7
360	10
360	4
360	10
360	3
360	2
360	10
360	2
360	4
360	10
360	3
360	10
360	7
361	3
361	3
361	11
361	10
361	11
361	3
361	10
361	11
361	3
361	2
361	2
361	4
361	2
361	10
361	11
361	10
361	11
361	12
361	10
361	11
362	10
362	11
362	2
362	2
362	11
362	4
362	7
362	10
362	2
362	7
362	10
362	10
362	10
362	7
362	10
362	10
362	3
362	2
362	4
362	10
363	3
363	2
363	11
363	11
363	10
363	10
363	10
363	10
363	10
363	10
363	10
363	10
363	11
363	10
363	10
363	10
363	2
363	11
363	2
363	3
364	11
364	10
364	3
364	10
364	11
364	10
364	10
364	10
364	7
364	2
364	7
364	11
364	2
364	10
364	2
364	11
364	2
364	10
364	10
364	5
365	10
365	10
365	11
365	10
365	2
365	4
365	10
365	4
365	10
365	10
365	10
365	3
365	10
365	10
365	10
365	3
365	10
365	10
365	2
365	5
366	10
366	11
366	10
366	10
366	2
366	7
366	10
366	10
366	4
366	10
366	10
366	4
366	7
366	7
366	3
366	10
366	2
366	10
366	3
366	11
367	11
367	10
367	10
367	11
367	10
367	11
367	2
367	10
367	11
367	4
367	10
367	11
367	11
367	3
367	10
367	10
367	11
367	7
367	3
367	11
368	4
368	3
368	10
368	3
368	10
368	7
368	10
368	10
368	4
368	7
368	7
368	10
368	10
368	10
368	10
368	2
368	10
368	10
368	4
368	10
369	10
369	2
369	2
369	2
369	10
369	10
369	10
369	10
369	3
369	11
369	10
369	10
369	10
369	10
369	10
369	2
369	2
369	2
369	6
369	10
370	10
370	3
370	10
370	2
370	10
370	11
370	10
370	4
370	11
370	3
370	10
370	10
370	11
370	10
370	7
370	2
370	10
370	3
370	10
370	10
371	2
371	10
371	10
371	11
371	10
371	10
371	3
371	10
371	10
371	7
371	10
371	10
371	11
371	10
371	10
371	10
371	2
371	10
371	2
371	11
372	10
372	10
372	10
372	4
372	3
372	2
372	10
372	3
372	12
372	3
372	10
372	11
372	10
372	10
372	10
372	10
372	10
372	12
372	3
372	11
373	11
373	10
373	2
373	7
373	10
373	10
373	3
373	4
373	3
373	10
373	10
373	4
373	2
373	2
373	3
373	10
373	10
373	3
373	10
373	10
374	2
374	10
374	2
374	7
374	3
374	3
374	11
374	11
374	10
374	10
374	7
374	11
374	10
374	10
374	11
374	10
374	10
374	10
374	2
374	10
375	10
375	11
375	11
375	11
375	2
375	10
375	10
375	10
375	10
375	12
375	11
375	11
375	11
375	10
375	2
375	11
375	4
375	3
375	2
375	11
376	10
376	7
376	4
376	10
376	10
376	10
376	4
376	11
376	10
376	2
376	10
376	10
376	2
376	6
376	4
376	10
376	10
376	10
376	10
376	10
377	10
377	11
377	3
377	10
377	3
377	10
377	11
377	10
377	11
377	4
377	10
377	10
377	11
377	4
377	10
377	11
377	4
377	11
377	11
377	10
378	2
378	4
378	10
378	10
378	3
378	10
378	11
378	11
378	10
378	7
378	10
378	10
378	11
378	10
378	10
378	2
378	10
378	3
378	10
378	10
379	2
379	2
379	10
379	11
379	10
379	10
379	7
379	10
379	2
379	10
379	4
379	10
379	10
379	2
379	10
379	11
379	2
379	10
379	10
379	10
380	10
380	10
380	10
380	11
380	10
380	11
380	11
380	10
380	10
380	12
380	2
380	4
380	10
380	10
380	10
380	10
380	2
380	3
380	10
380	10
381	10
381	2
381	11
381	11
381	3
381	10
381	10
381	11
381	11
381	11
381	7
381	11
381	3
381	10
381	7
381	11
381	2
381	11
381	10
381	2
382	3
382	2
382	10
382	11
382	10
382	10
382	10
382	12
382	3
382	10
382	11
382	10
382	10
382	2
382	10
382	2
382	11
382	10
382	2
382	11
383	11
383	2
383	3
383	10
383	10
383	10
383	10
383	7
383	10
383	10
383	10
383	2
383	10
383	2
383	10
383	4
383	11
383	11
383	10
383	2
384	4
384	10
384	7
384	4
384	10
384	11
384	10
384	10
384	10
384	10
384	11
384	10
384	10
384	2
384	10
384	2
384	10
384	10
384	12
384	2
385	10
385	4
385	11
385	4
385	10
385	10
385	5
385	10
385	6
385	11
385	3
385	11
385	11
385	10
385	2
385	10
385	7
385	10
385	11
385	2
386	11
386	10
386	10
386	3
386	3
386	10
386	2
386	11
386	12
386	4
386	2
386	2
386	3
386	10
386	4
386	11
386	10
386	2
386	2
386	10
387	2
387	10
387	2
387	3
387	10
387	2
387	3
387	10
387	2
387	11
387	3
387	11
387	3
387	11
387	11
387	6
387	4
387	2
387	3
387	7
388	11
388	10
388	2
388	10
388	10
388	10
388	14
388	2
388	5
388	2
388	10
388	7
388	10
388	11
388	10
388	2
388	10
388	11
388	10
388	10
389	11
389	2
389	4
389	3
389	2
389	11
389	4
389	10
389	11
389	2
389	11
389	10
389	11
389	10
389	7
389	10
389	11
389	6
389	10
389	11
390	10
390	7
390	2
390	10
390	10
390	12
390	10
390	10
390	10
390	11
390	7
390	2
390	10
390	6
390	10
390	3
390	10
390	3
390	2
390	4
391	10
391	2
391	10
391	11
391	3
391	2
391	12
391	12
391	5
391	7
391	10
391	10
391	3
391	2
391	10
391	3
391	10
391	10
391	10
391	7
392	10
392	10
392	10
392	11
392	11
392	11
392	10
392	11
392	2
392	10
392	11
392	10
392	10
392	10
392	2
392	2
392	10
392	7
392	2
392	10
393	4
393	3
393	5
393	2
393	10
393	10
393	10
393	11
393	11
393	10
393	2
393	10
393	7
393	2
393	10
393	10
393	10
393	7
393	2
393	10
394	11
394	7
394	10
394	10
394	11
394	10
394	10
394	3
394	10
394	10
394	2
394	2
394	10
394	10
394	11
394	10
394	11
394	3
394	2
394	2
395	6
395	5
395	10
395	11
395	10
395	3
395	10
395	2
395	10
395	11
395	10
395	2
395	11
395	2
395	10
395	10
395	2
395	2
395	10
395	10
396	10
396	11
396	10
396	2
396	10
396	11
396	10
396	10
396	11
396	4
396	10
396	10
396	10
396	10
396	2
396	11
396	11
396	10
396	2
396	10
397	10
397	10
397	4
397	10
397	11
397	10
397	3
397	11
397	7
397	11
397	3
397	10
397	10
397	10
397	10
397	4
397	10
397	11
397	5
397	11
398	10
398	2
398	10
398	11
398	10
398	10
398	2
398	3
398	11
398	2
398	11
398	3
398	10
398	10
398	4
398	2
398	12
398	10
398	2
398	11
399	10
399	2
399	10
399	3
399	11
399	11
399	10
399	12
399	2
399	7
399	10
399	11
399	3
399	4
399	10
399	10
399	10
399	2
399	11
399	10
